192.

1468. 1467. 1478. 2091; latine: 1411819. 11171,89.11111471,120.-
N. 159. 196. 198. 871. 881. 416. 640. 647. 668. 747. 779. 789.
{3}ss 827. 846. 1192. 1255. 1851. 1512. 1994. 2247. 2708.

Planctus B. 7. Mariae.

Gallice: 847.

Hispanico: xx111,8.

Itnhee: xx1V, 10. 21217, 25. xxV111‚54(poetiee).-N· 1⁰5· 895. 1990.

Latine: 8. 9. 16. 91. 92. 94. 95. 118. 118. 128. 198. 194. 204.
205. 216. 288. 284. 802. 803. 818. 820. 825. 888. 886. 851.
426. 442. 450. 589.-

Poemate. omnia et 8189810.

Anglieez 626. 688. 689. 674. 728. 742. 1862. 1877. 2064. 2827.
2428. 2428. 2482. 2500. 2748.

Bohemiee: 1414711155. - N. 1200. 2188. 2808.

0215581881 248-247. 8881800. 2218. 2284. 2878. 2828.
2689. 2645. 2664. 2700. 2741.

Germanice: 206. 211. 384. 828. 967. 1048. 1092. 1129. 1141.
1178. 1208. 1272. 1805. 1420. 1882. 1887. 1894.1895.1904.
1921.1974. 2042. 2049. 2059. 2148. 2221. 2840. 2582. 2552.
2568. 2565. 2567. 2581.

Hollendioe: 169. 281. 2268.

Hungarice: 2281. 2289. 2887.

lelandine: 888. 1909.

Italico: 188. 272. 868. 602. 975. 2877. 2878. 2406. 2478. 2660.

Latine: xxx, 71. - N. 511187. 280. 244. 252. 258. 258. 271.
287. 800. 812. 827. 408. 409. 524. 688. 761. 765. 794. 828.
852. 880. 888. 897. 920. 952. 965. 971. 1005. 1018. 1096. 1109.
1129. 1148. 1208. 1248. 1800. 1805. 1888. 1489. 1496. 1554.
1882. 1956. 2048. 2059. 2061. 2067. 2209. 2226. 2897. 2420.
2488. 2492. 2552. 2576. 2692. 2746.

Lusitaniae: 880.

Polonioe: 944. 1850. 1851. 2164. 2874.

Siniee: xx111‚4.-

Sueciee: 2858.

Paraphraees: galline 85οῆ germani021611; italica 1726; 18-
tinae 787. 740. 745. 1922.
Poemaia melice exempta: 755. 784. 799. 798. 904. 1110. 2881.

2754.

ιι)(174’41. „Carmen paraeneticum ad Reinaldum“ et „Flore-

tue .-
Psalterium B. V. Mariae.
Belgica: 130. 227. 424. 482. 800.
Latine: 125. 445. 590. 594. 797. 811.-
Reli uiae 8801118261.

Re 'quiae universae 81 praesertim Ossa: 1115. 2111. 2142.

2288. 2407. 2824. 2840. 2872. 2818. Biblia: 2065. 2086.

32*

 

