Q

Italice: 2089. 2110. 9195. 9150. 2158. 9169. 9895. 9849.

Latine: 148. 166. 170. 180. 181. 885.· 497. 710. 826. 859. 855.
864. 868. 889. 911. 1004. 1106. 1112. 1148. 1147. 1198. 1268.
1476. 1489. 1864. 1999. 1989. 2114. 2286. 9885. 2575. 2669.

8. 8111911199.
1. gffiwla de sesto Oonceptionis B. V. Mam'ae. 1195151119 decadem.
’091 2810.

Latino: 111111. 59. 67. 111111,75.82, xxx11‚91.-N. 47. 57.112. 212.
284. 285. 959. 269. 804. 872. 896. 939. 984. 11941149. 1146.
1166. 184915481666. 1697. 1698. 1801. 9298. 9248. 2251.

Π. Epistola de Oura rei familiaris ad Raimundum.

Ι11811991 479. 2482.

Danioe: 915. 1995.

Gallice: xxxn,87. - N. 58. 188. 961-268. 292. 998. 461. 498.

Germanice: 104. 145. 861. 595. 557. 598. 618. 699. 941.

His 9111591 869. 466. 580. 540. 2148. 2369.

Η91195<11991 169. 184. 2418.

Italico: 19. 867. 2088. 2184. 2189. 2158. 2168. 9180. 2188. 9208.
9282. 9959. 2407, 9408. 2687.

Latine: 5. 17. 197. 902. 290. 818. 881. 885. 848. 854. 856. 876.
877. 893. 897. 799. 1575. 1799.

8111οηὶ99184.

85901991 697. 881. 1262. 2428.

IV. Reliquae 8111919159 9111911199.
’ ΑΙ] lice: 425. 464. 468-471. 479. 485. 671. 866. 1808. 2256.
0111591951. 1199. 15251599. 1595. 1915.

Hispanico: 525. 580. 546. 680. 770. 862. 1805. 2148.

11911061 509. 562. 566. 608. 691. 627. 685. 889. 1782. 1891.1811.
1860, 1962. 9068. 2255. 9867. 2660.

Latine: 975. 899. 521. 548. 581. 885. 1117. 1198. 1289. 1956.
1281. 1845. 1456. 1479. 1548. 9246. 9548. 9579. 2597.

Ρ919111091 1847. 1848.

De Familia (1) 911999151911 S. 8911191111 (Π).

Ι. Gallice: xxv11‚45(p‹›0555).-N. 955. 1909. 1911. 9559.

Hungarioez 2805.

11911991 1901.

Latine: 595. 646. 1079. 1111.1115. 1984.1295.1898.1594.1671.

Π. (118111οΜ 906. 928. 964. 1077.1776.1798. 1911. 2411. 2459.
9581. 2599. 2594. 2605. 2647, 9656. 2678. 2740.

Germanice: 2750.

Latine: 902. 995;latino(p051ice): 785. -

Flores.
Latine: 14. 65. 221. 814. 815. 411. 457. 502. 548. 568. 569.
Floras selecti, anglice: 2469.

 

