„⁴32

999. 1000. 1183. 1958. 1499. 1459. 1536. 1556. 1689. 1714.
17401749. 1746. 1749. 1854. 1893. 1917. 1958. 1965. 1973.
1989. 1984. 1999. 9104. 9199. 9989. 9301. 9818. 9350. 9370.
9436. 9461. 9463. 9467. 9480. 9488. 9491. 9493. 9515. 9548.
9588. 9609. 9698. 9669. 9704. 9753. .

His anioe: 2211. 2270.

Ηο1111161581 980.

Islandice: 1091. 1288.

Italico: 111111, 82. 11111,118. 122. - N. 195. 498. 518. 516. 541.
669. 665. 667. 1936. 1399. 1460.1649.1718. 1844. 1985. 9009.
9099. 9559. 9679.

Latine: xxv1, 35. xxv11,41. xxv111,49. 1111, 84. xxx, 69. 70.·xxx1,
7119. 1111118898. xxx111,103.-N. 49. 77. 111. 119. 981. 415.
434. 599. 598. 538. 559. 575. 589. 597. 599. 615. 631. 641.
653. 680. 706. 707. 730. 743. 730. 786. 800. 898. 841. 844.
899. 910. 951. 978. 989. 1016. 1017. 1036. 1045. 1067. 1097.
1099. 1190. 1199. 1131. 1134. 1135. 1157. 1159. 1163. 1164.
1179. 1197. 1909. 1906. 1915. 1919. 1999. 1999. 1940. 1976.
1986. 1340. 1354. 1359. 1376. 1389. 1433. 1439. 1444. 1595.
1530-1533. 1540. 1580. 1640. 1741. 1814. 9015. 9934. 9569.
9710.

Latine (poetice): 782. 924. 940. 947.

Lusitaniae: 1466.

, Poloniee: 1639. 9950. 9319. 9497.
8880111094 79. 579. 599. 657. 700. 719. 719. 790. 777. 831. 999.
Sueoiee: 585. 694. 917. 1009. 1977. -
nitenti viri de S. Bernardo ejusque operibus.
1181112220.

0554111118 18461848. 14821888. 1818. 18841899. 11881198.
1757. 1769. 1768. 1845. 1878. 1990. 1938. 1979. 9001. 9094.
9160. 9189. 9910. 9977. 9999. 9997. 9307. 9557.

Germanice: 1643. 1709. 1731. 1931. 1935. 9147. 9991. 9568. 9586.

Hispaniae: 1792.

Itahee: 1891. 1728. 1727. 2197.

Latine: 467. 599. 574. 663. 810. 895. 899. 985. 987. 1095. 1049.

1055. 1069. 1096. 1113. 1160. 1176. 1184. 1997. 1998. 1933.

1964. 1981. 1997. 1307. 1394. 1358. 1379. 1396. 1409. 1496.

1445. 1464. 1470. 1474. 1494. 1590. 1549. 1583. 1606. 1609.

1618. 1779. 1777. 1809. 1918. 1975. 9054. 9981. 9691.-

meditationes.

Anglioe: 191. 448. 494. 1878. 1898. 1411.

8851881188.11181151.- N. 512. 514. 568. 675. 1029.
1190. 1905.

0811591977.

Gallico: 11111111. - Ν. 211. 881. 881. 119. 111. 884. 885. 948.
1007. 1966. 9906. 9996. 9384. 9574.

Germanice: 548. 549. 558. 692. 2045. 2684.

Hungarioe: 1051. 1422.

 

