Lm

Sermones 8189011 vel complures nen determinati.
Angliee: 2527.

Belgica: 52. 15. 83. 108. 116. 891.

1)811100; 1923.

Gallice: 905. 1566. 1988. 1911. 1919. 2051. 2598.

Germanice: 1905. 2131. 2723.

Hispanico: 1179.

Itahoe: xxxv, 114.- N. 314. 595. 644. 650. 136. 191. 1082. 1598.
2319. 2584.

Latino: 50. 16. 1431 521. 591. 624. 686. 1193. ’

5889801181 111116.-

statua S. 8011181711 “

2093. 2122. 2185. 2181. 2140. 2141. 2144. 2161. 2196. 2208.-

symbolae ad historiam et opera S. Bernerdi spectantes.

Anglioaet 2046. 2053. 2016. 2828. 2490. 2501. 2509. 2598. 2135.

Bohemieaez 1465. 2032.

Ι)811108; 2702.

0801018118111811- N. 1070. 1071. 1757. 1074. 1624. 1073.
1689. 1694. 1699. 1141. 1819. 1881. 1890. 1916. 1348. 1986.
1996. 2000. 2026. 2021. 2035. 2080. 2115. 2118. 2146. 2152.
2283. 2238. 2286. 2816. 2826. 2330. 2886. 2888. 2841. 2312.
2402. 2410. 2413. 2415. 2440. 2445. 2452. 2458. 2464. 2468.
2411. 2522. 2526. 2539. 2540. 2546. 2560. 2518. 2580. 2604.
2611. 2615. 2616. 2618. 2682. 2633. 2686. 2689. 2640. 2646.
2643. 2650. 2655. 2612. 2615. 2616. 2618. 2685. 2106. 2118.
2120. 2126. 2152. 2156.

Germanicae: 1180. 1880. 1888. 1881. 1881. 180818081810.
1923. 1930. 2003. 2040. 2088. 2102. 2112. 2321. 2862. 2868.
2395. 2419. 2434. 2442-2444. 2441. 2449. 2458. 2412. 2508.
2511. 2513. 2516. 2581. 2555. 2510. 2511. 2511. 2582. 2585.
2599. 2600. 2603. 2606. 2608. 2614. 2620. 2621. 2685. 2638.
2641. 2651-2654. 2658. 2059. 2663. 2666. 2668. 2614. 2691.
2698. 2699. 2109. 2111. 2125. 2180.

Hispanieae: 1662. 1796. 2336. 2689.

Hollendieae: 2275. 2759.

Hungaricaz 2691. ·

Italicae: 1821. 2085. 2213. 2630. 2101. 2113. 2155.

Latinae: xxm, 1,·1, 1111, 13, xxv, 31. 11113137. 1111140. 111111,
51. xxx, 77. 73. 1111, 83. 11111, 86. 1111119198111111,10611111,
108. 17171771,119.123, - N. 616. 918. 1006. 1081. 1054. 1109.
1115. 1231. 1231. 1381. 1485. 1441. 1461. 1489. 1511. 1518.
1530. 1565. 1512. 1516. 1604. 1669. 1125. 1861. 1925. 1941.
2105. 2225. 2245. 2309. 2512. 2558. 2625. 2626. 2665. 2610.

Lusitana: 1397.

vitae S. 8011111161 (editionibus 11818118 eb versionibus adjunctis).

1. Majoree.
Angh'eae: 2071. 2969. 2450. 2495. 2559. 2657.

 

