496

Islandioe: 801.
Ibalioe3 17111591. 11171549. - N. 441. 487. 564. 587. 618. 687. 679.
679. 702. 727. 796. 894. 984. 991. 1974. 1868. 2178. 2178.
Latine: 6. 6. 7. 91. 59. 55. 191. 126. 136. 151. 149199. 915.
924. 225. 928. 974-276. 278. 995. 811. 812. 816. 898. 881.
846. 866. 875. 418. 419-421. 485. 474. 477. 482. 490. 508.
581. 587. 545. 570. 601. 687. 689. 696. 701. 766. 795. 808.
818. 817. 880. 847. 859. 876. 877. 886. 914. 991. 949. 957.
958. 969. 968. 979. 989. 988. 1087. 1058. 1059.. 10951114.
1899.1877.1884. 1886. 1404. 1487. 1449. 1505. 1570. 1618.
1691. 1654. 1655. 1670. 1712. 1720. 1798. 1758. 1774. 1816.
19081984. 1957. 9216. 2299. 9898. 9860. 9878. 9485. 2505.
2518. 9595.
Lusitaniae: 1111958, 1111715197. - N. 576.
Sueoioe: 9499.
Modus vivendi, ad Sororem,
Anglioe: 499. 746. 968.
Β51 ‘oet 551.
Ga ico: 288. 410. 481. 909. 1185. 1218. 1269. 1826. 14561650.
1888. 2005. 9079. 2186.
Germanice: 655. 799. 761. 906. 907. 9401.
Hispanico: 899. 459. 496. 757. 9969.
11911061 171. 185. 208. 980. 806. 852. 407. 455. 458. 488. 555.
588. 705. 896. 1909. 1804. 1882. 1504. 1964. 2149.
Latine: 116. 186. 156-158. 200. 248. 807. 808. 849. 882. 406.
778. 907. 981. 1014.
Sueoioe: 9498.-
11175195 S. Bennerdi (et Tractatus de illa).
Gallice: 2248. 9811.
Germanice: 9086. 9797.
Latine: 401. 408. 507. 1968. 1971. 1278. 1287. 1842. 14571480.
1767. 1804.
Musicae 5919195 S. Bemordi: 1658.-
Opera Omnia (971975).
Antverpiae: 695. 7419 818. 8969 869. 898. 9459 1
Β9511995ι599. 5789 578. 16089 i
Coloniae: 5889 7989 899. 1009. 11589 1188. 1
Lugduni: 8889 888. 422. 428. 4449 462. 478. 484. 491. 504.
5157 5557 15557 1121. 1955. 1262.
Mediolani: 9166. i
Parisiis: 850. 879. 409. 4869 452. 476. 486. 492. 4959 508. 510. 1
595 (2 621). 664. 661. 612. 610. 579. 719. 755. 5577 919. 5957 ¹
8459 8519 868. 908. 960. 978. 992 (= 998 = 994 = 995). 1008. ³
1026. 1072. 10889 11001154.1155117891994. 1806. 1455. ’
16879 1978. 1987. 2018. 2108. 9917. 2218. 2806. 9861. 2584.
9611611187 8899 4689 515. 519. 554. 588. 690. 661. 678. 794
(= 726). 725. 7859 870. 11299 14981641. 1692. 1718. 1791.

 

