Gallicae: 1349. 1394. 1483. 2039. 2055. 2056. 2070. 2072. 2092.
2093. 2217. 2151. 2212. 2282. 2283. 2506. 2529. 2644. 2707.
2714. 2721. 2739.

Germanicae: 1676. 1950. 1999. 2094. 2096. 2097. 2107. 2116.
2130. 2399. 2400. 2688. 2728.

Hie anieae: 750. 751. 2729.

Ηο1161161666ε 2171.

. Italicae: 890. 895. 9721084. 1562. 1608. 2073. 2095. 2530. 2629.
Latinae: 1111711116. - N. 762. 1177. 1232. 1648.

2. Minores.

Anglieae: 961. 2276. 2660. 2722.

Belgicae: 1060. 1075.

Bohemiea: 1200.

Gallicae: xmae-N. 332. 428. 429. 749. 769. 1041. 1049.
1094. 1130. 1207. 1238. 1273. 1914. 1924. 1945. 1988. 2019.
2020. 2023. 2047. 2062. 2081. 2157. 2168. 2187. 2195. 2207.
2223. 2224. 2241. 2249. 2269. 2272. 2290. 2294. 2295. 2300.
2312. 2320. 2329. 2337. 2344. 2356. 2365. 2375. 2391. 2392.
2398. 2405. 2455. 2456. 2470. 2471. 2486. 2502. 2503. 2514.
2519. 2535. 2587. 2602. 2634.

Germanicae: 860? 1225. 136713801 1381. 1631. 2158. 2193. 2285.
His anicaezxxxv11‚129.-N. 716. 761.1179.1116.1667. 1761.
Hellandiea: 2976.

Italicae: 11117111, 50. -N. 706. 716. 754. 792. 1620. 1616. 1696.

1919. 2063. 2089. 2127. 2643.

Latinae: xxl11,1. - N. 684. 935. 956. 1021. 1028. 1074. 1098.
1146. 13731 1507. 1873.

Lusitana: 496. ·

9. Breves (eive seorsum editae, sivein eneyelopaediie, legen-

dariis, menologiis ete. obviae).

Anglieae: 1679. 2214. 2517.

Belgica: 991.

Daniea: 2951.

Gallicae: 1077. 1270. 1338. 1389. 1401.1418. 1438. 1485.1809.
1955. 1981. 1993. 2004. 2084. 2366. 2489. 2500. 2507. 2542.
2554. 2583. 2671. 2761.

Germanicae: xxw, 20. xxxv,lll. -N. 19. 25. 26. 96. 41. 46.
59. 66. 82. 89. 99. 100. 108. 117. 155. 222. 636. 715. 1086.
1283. 1365. 1515. 1522. 1523. 1552. 1737. 1902. 1913. 2123.
2145. 2288. 2302. 2322. 2324. 2347. 2465. 2484. 2538. 2610.
2724. 2744.

Hispaniae: 1111111, 64. - N. 774.

Hellandiea: 2996.

Hungarieae: 1601. 2096.

lbalieae: xii111‚5.-N. 1910. 1968. 2308. 2622. 2697. 2705.

Labinae: 1111111, 56, 11111117, 109. - 46. 599. 605. 614. 722. 759. 674.
954. 1078. 1149. 1174. 1212. 1334. 1366. 1459. 1612. 1659.
1885. 2126. 2556.

 

