Ε--

Veronae: 1499.

Sine loeo: 299?

Opgralania (vel fere omnia) 999991 translata.
n loe:2‘122.

Gaffioa: xxx1, aa. - N. 969. 919. 9999. 9499. 9414. 9491. 9499.
2454. 2481. 2499. 2510. 2547. -

opuscula. Omnia.

Latine: 179. 199. 194? 999. 917.

opuscula 8999919 et complura.

Anglicet 873. 1001. 1265. 1526. 1773. 1927. 2498. 2612. 2654.

Belgica: xxx111,109.-N. 549. 909.

Bohemiee: 2927.

Daniee: 1999.

Gallice: xxx, 94. xxxv1, 191. -N. 941. 995. 499. 999. aaa. 690.
994. 804. 871. 887. 900. 909. 1048. 1058. 1066. 1098. 1101.
1119. 1151. 1161. 1204. 1210. 1226. 1250. 1251. 1852. 1371.
1502. 1590. 1602. 1695. 1729. 1872. 1907. 1938. 1958. 2021.
2034. 2041. 2201. 2204. 2213. 2215. 2253. 2871. 2430.

Germanice: xxlv,18.-N. 1310. 1890. 18951428. 1885. 1895.
1908. 1912. 1946. 1968. 1967. 2066. 2075. 2090. 2129. 2154.
2854.

Hispaniae: xxm, 9. 9. xx9, 94. xxm, 94, xxx111‚101.— N. 999. 969.
1289. 1821. 1886. 2192. 2369. 2412.

Hollandicot xx9‚29.—N. 388. 840. 449. 478. 501. 2184.

Hungariee: 9999,19. 999, 99-11. 1486. 9999.

Italiae: xx111‚9. xxw,10. 991991, 95. xxvffl, 48. XX1X,59(peetiee).
xxx,75. xxx11,89. xxx1V,107. - N. 143. 999. 497. 441. 969.
612. 642. 649. 778. 791. 871. 896. 1208. 1245. 1252. 1279.
1344. 1657. 1672. 1675. 1932. 1940. 1951. 1962. 1969. 1977.
1990. 2069. 2088. 2108. 2124. 2159. 2169. 2175. 2179. 2181.
2199. 2240. 2252. 2258. 2266. 2288, 2304. 2409. 2424. 2425.
2488. 2487.

Latine: 3. 7. 30. 86. 87. 89. 44. 55. 87. 96. 120. 128. 129189.
170. 182. 192. 199. 209. 210. 241. 249. 255. 278. 291. 805.
809. 811. 312. 817. 828. 331. 889. 343. 844. 859. 366. 885.
405. 488. 472. 477. 482. 490. 511. 517. 520. 587. 545. 616.
628. 666. 688. 696. 710. 788. 832. 878. 888. 948. 974. 990.
997. 1040. 1089. 1123. 1186. 1148. 1198. 1226. 1244. 1248.
1271. 1881. 1541. 1544. 1589. 1719. 1732. 1748. 1828. 1929.
2068. 2069. 2561. 2597. 2669.

(Ρ999199); 199.
Polonioe: 969. 1949. 1999. 9949.
Suecioe: 1158. 1168. 1171. 1181.1885.2060. 2389. 2423. 2586. -
(Via. .· De Consideratione ll. V3 Florem Formula honestae
vitae; De Humana Miseri93 Imitatio Christi3 Meditation993 Mo-
dus vivendi; Musica; Planctus; Poemata; psalterium B. 91. V.;
Vita S. Malachiae). --

xenia 0919991199 lv. Issibliographia 0999991199 32
0

 

