, 498

Paneqyrici sermones, eloyia varia, preces ad S. Bemardum, ora- .
tiones de ao .· qemaaamque ia Dia· laadan at honorem siaa maan
scripta siva impressa.

angliae: 2556. 2741.

Belgica: 666.

Bohemice: 1200. 1434. 1471. 1488. 1492. 1529. 1599. 1664.

Gauioe: xxxv11,128. - N. 950. 1076. 1221. 1249. 1275. 1903.
1341. 1449. 1451. 1500. 1527. 1557. 1568. 1584. 1598. 1635.
1687. 1703. 1707. 1785. 1811. 1959. 2009. 2010. 2012. 2017.
2029. 2052. 2191. 2261. 2521. 2545. 2566. 2592. 5596. 2648.
2681. 2694. 2786. 2738.

Germanica: xxix, 56, 51, 61, xxx111‚96.— N.1085. 1140. 1162. 1258.
1266. 1282. 1291. 1298. 1335. 1887. 13391363. 1406. 1407.
1416. 1417. 14191424. 1425. 1427. 1428. 1440. 1443. 1446.
1448. 1450. 1453. 1454. 1458. 1472. 1473. 1475. 1477. 1482.
1491. 1495. 1497. 1508. 1509. 1518. 1514. 1528. 1534. 1587.
1538. 1589. 1546. 1547. 1549. 1551. 1555. 1558. 1559. 1560.
1564. 1567. 1571. 1577. 1586. 1587. 1591. 1592. 1597. 1603.
1607. 1614. 1617. 1619. 1622. 1625-1628. 1630. 1684. 1638.
1644-1647. 1651. 1652. 1656. 1660. 1661. 1663. 1679. 1682.
1685. 1701. 1702. 1708. 1716. 1722. 1724. 1780. 1738. 1735.
1736. 1739. 1743-1745. 1751. 1754. 1756. 1759-1761. 1764.
1765. 1769. 1778. 1779-1781. 1784. 1787. 17891790. 1795.
1798. 1810. 1812. 1813. 1825. 1831. 1834. 1837-1841. 1846.
1858. 1855-1858. 1863. 1866. 1867. 1871. 1899. 1986. 1989.
1941. 1949. 2016. 2025. 2087. 2113. 2161. 2185. 2194. 2230.
2280. 2291. 2417. 2475. 2478. 2619. 2642. 2715. 2737. 2743.
2748. 2751.

Hispanico: xxvi, 66. xxv111,53. 11112188, 1811114112. - N. 212.
808. 824. 857. 1118. 1280. 1294. 1311. 1314-1319. 1321.

‹ 1823. 1329. 1370. 1403. 1413. 1501. 1535. 1553. 1588. 1620.
1696. 1700. 1711. 1763. 1823.· 1836. 1865.

Hungarica: 1811815.- N. 1626. 1666. 1626. 8881. 8118.

Italiae: 21121682. xxxma - N. 942. 996. 1105. 1466. 1618.
1870. 1982. 2006. 2050. 2058. 2205. 2494. 2734.

Latine: xxm, 3. xxm, 65. 66. xxx, 69. 10. xxx1,61. xxxii, 60. xxm,
105, XXXIV, 110, - N. 18. 19. 22-24. 27-29. 42. 43. 51. 71.
73. 74. 102. 109. 110. 160. 161. 175. 358. 475.Ι 488. 609. 693.
698. 718. 759. 809. 812. 840. 843. 848. 875. 919. 922. 950.
980. 1027. 1035. 1044. 1057. 1073. 1103. 1115. 1127. 1137.
1145. 1146. 1156. 1175. 1191. 1196. 1211. 1217. 1296. 1360.
1399. 1405. 1469. 1490. 1493. 1516. 1633. 1681. 1933. 1943.

Lusitaniae: 920. 1162. 1353.

Poloniee: 953. 1242. 1517. 1510. 1561. 1578. 1686. 1704.

Poetice: belgiae 3913 gallice 2014. 2460. 2544. 2161; germanica
2145. 61113 hispanice 118. 166.666.1666; italiae 1888.

 

